type      = 1 # LINEAR_RAS_TO_RAS
nxforms   = 1
mean      = 160.0000 179.0000 147.0000
sigma     = 10000.0000
1 4 4
1.000000000000000e+00 2.392753231106326e-04 -1.615851651877165e-04 -8.784931153059006e-03 
-2.392363821854815e-04 9.999999403953552e-01 2.410363667877391e-04 -1.420368347316980e-02 
1.616428198758513e-04 -2.409976877970621e-04 1.000000000000000e+00 6.123557104729116e-04 
0.000000000000000e+00 0.000000000000000e+00 0.000000000000000e+00 1.000000000000000e+00 
src volume info
valid = 1  # volume info valid
filename = /lscratch/8536404/24563.wrk/fmriprep_23_2_wf/single_subject_24563_wf/anat_preproc_wf/anat_template_wf/anat_merge/sub-24563_ses-1_rec-orig_run-1_T1w_noise_corrected_template.nii.gz
volume = 250 320 320
voxelsize = 7.999954223632812e-01 8.000000119209290e-01 8.000000119209290e-01
xras   = 1.000000000000000e+00 0.000000000000000e+00 0.000000000000000e+00
yras   = 0.000000000000000e+00 1.000000000000000e+00 0.000000000000000e+00
zras   = -0.000000000000000e+00 -0.000000000000000e+00 1.000000000000000e+00
cras   = 4.005737304687500e-01 1.881700134277344e+01 -6.457000732421875e+00
dst volume info
valid = 1  # volume info valid
filename = /lscratch/8536404/24563.out/sourcedata/freesurfer/sub-24563/mri/T1.mgz
volume = 320 320 320
voxelsize = 7.999954223632812e-01 7.999954223632812e-01 7.999954223632812e-01
xras   = -1.000000000000000e+00 0.000000000000000e+00 0.000000000000000e+00
yras   = 0.000000000000000e+00 0.000000000000000e+00 -1.000000000000000e+00
zras   = 0.000000000000000e+00 1.000000000000000e+00 0.000000000000000e+00
cras   = 4.005737304687500e-01 1.881700134277344e+01 -6.457000732421875e+00
fscale 0.100000
