# transform file /lscratch/8536404/24563.wrk/fmriprep_23_2_wf/single_subject_24563_wf/anat_preproc_wf/anat_template_wf/anat_merge/tp1.lta
# created by zugmana2 on Wed Sep 20 15:19:33 2023

type      = 1 # LINEAR_RAS_TO_RAS
nxforms   = 1
mean      = 125.0000 160.0000 160.0000
sigma     = 10000.0000
1 4 4
1.000000000000000e+00 0.000000000000000e+00 0.000000000000000e+00 0.000000000000000e+00 
0.000000000000000e+00 1.000000000000000e+00 0.000000000000000e+00 0.000000000000000e+00 
0.000000000000000e+00 0.000000000000000e+00 1.000000000000000e+00 0.000000000000000e+00 
0.000000000000000e+00 0.000000000000000e+00 0.000000000000000e+00 1.000000000000000e+00 
src volume info
valid = 1  # volume info valid
filename = /lscratch/8536404/24563.wrk/fmriprep_23_2_wf/single_subject_24563_wf/anat_preproc_wf/anat_template_wf/n4_correct/mapflow/_n4_correct0/sub-24563_ses-1_rec-orig_run-1_T1w_noise_corrected_corrected.nii.gz
volume = 250 320 320
voxelsize = 7.999954223632812e-01 8.000000119209290e-01 8.000000119209290e-01
xras   = 1.000000000000000e+00 0.000000000000000e+00 0.000000000000000e+00
yras   = 0.000000000000000e+00 1.000000000000000e+00 0.000000000000000e+00
zras   = -0.000000000000000e+00 -0.000000000000000e+00 1.000000000000000e+00
cras   = 4.005737304687500e-01 1.881700134277344e+01 -6.457000732421875e+00
dst volume info
valid = 1  # volume info valid
filename = sub-24563_ses-1_rec-orig_run-1_T1w_noise_corrected_template.nii.gz
volume = 250 320 320
voxelsize = 7.999954223632812e-01 8.000000119209290e-01 8.000000119209290e-01
xras   = 1.000000000000000e+00 0.000000000000000e+00 0.000000000000000e+00
yras   = 0.000000000000000e+00 1.000000000000000e+00 0.000000000000000e+00
zras   = -0.000000000000000e+00 -0.000000000000000e+00 1.000000000000000e+00
cras   = 4.005737304687500e-01 1.881700134277344e+01 -6.457000732421875e+00
