# transform file /lscratch/8536404/24563.wrk/fmriprep_23_2_wf/single_subject_24563_wf/anat_preproc_wf/anat_template_wf/anat_merge/tp2.lta
# created by zugmana2 on Wed Sep 20 15:19:33 2023

type      = 1 # LINEAR_RAS_TO_RAS
nxforms   = 1
mean      = 125.0000 160.0000 160.0000
sigma     = 10000.0000
1 4 4
9.960115551948547e-01 -8.695493638515472e-02 1.999993622303009e-02 1.417312622070312e-01 
8.567231148481369e-02 9.946390986442566e-01 5.790913105010986e-02 7.102241516113281e+00 
-2.492820471525192e-02 -5.596471950411797e-02 9.981215596199036e-01 -3.254196166992188e+00 
0.000000000000000e+00 0.000000000000000e+00 0.000000000000000e+00 1.000000000000000e+00 
src volume info
valid = 1  # volume info valid
filename = /lscratch/8536404/24563.wrk/fmriprep_23_2_wf/single_subject_24563_wf/anat_preproc_wf/anat_template_wf/n4_correct/mapflow/_n4_correct1/sub-24563_ses-2_rec-orig_run-1_T1w_noise_corrected_corrected.nii.gz
volume = 250 320 320
voxelsize = 7.995986938476562e-01 8.000000119209290e-01 8.000000119209290e-01
xras   = 1.000000000000000e+00 0.000000000000000e+00 0.000000000000000e+00
yras   = 0.000000000000000e+00 1.000000000000000e+00 0.000000000000000e+00
zras   = -0.000000000000000e+00 -0.000000000000000e+00 1.000000000000000e+00
cras   = 1.502769470214844e+00 1.540000915527344e+01 3.990020751953125e-01
dst volume info
valid = 1  # volume info valid
filename = sub-24563_ses-1_rec-orig_run-1_T1w_noise_corrected_template.nii.gz
volume = 250 320 320
voxelsize = 7.999954223632812e-01 8.000000119209290e-01 8.000000119209290e-01
xras   = 1.000000000000000e+00 0.000000000000000e+00 0.000000000000000e+00
yras   = 0.000000000000000e+00 1.000000000000000e+00 0.000000000000000e+00
zras   = -0.000000000000000e+00 -0.000000000000000e+00 1.000000000000000e+00
cras   = 4.005737304687500e-01 1.881700134277344e+01 -6.457000732421875e+00
