# transform file /lscratch/9670748/studyfolder/sub-24563/T1w/sub-24563/mri/transforms/cc_up.lta
# created by nielsond on Wed Oct  4 12:44:52 2023

type      = 0 # LINEAR_VOX_TO_VOX
nxforms   = 1
mean      = 126.0000 145.0000 129.0000
sigma     = 10000.0000
1 4 4
9.999476671218872e-01 -1.490882597863674e-03 -1.012931577861309e-02 2.407043218612671e+00 
1.490806112997234e-03 9.999989271163940e-01 -1.510163565399125e-05 3.812613964080811e+00 
1.012932695448399e-02 -9.094948101931455e-13 9.999487400054932e-01 6.719730854034424e+00 
0.000000000000000e+00 0.000000000000000e+00 0.000000000000000e+00 1.000000000000000e+00 
src volume info
valid = 1  # volume info valid
filename = /lscratch/9670748/studyfolder/sub-24563/T1w/sub-24563/mri/norm.mgz
volume = 256 256 256
voxelsize = 1.000000000000000e+00 1.000000000000000e+00 1.000000000000000e+00
xras   = -1.000000000000000e+00 0.000000000000000e+00 0.000000000000000e+00
yras   = 0.000000000000000e+00 0.000000000000000e+00 -1.000000000000000e+00
zras   = 0.000000000000000e+00 1.000000000000000e+00 0.000000000000000e+00
cras   = -8.000030517578125e-01 -1.719999694824219e+01 1.880000305175781e+01
dst volume info
valid = 1  # volume info valid
filename = /lscratch/9670748/studyfolder/sub-24563/T1w/sub-24563/mri/norm.mgz
volume = 256 256 256
voxelsize = 1.000000000000000e+00 1.000000000000000e+00 1.000000000000000e+00
xras   = -1.000000000000000e+00 0.000000000000000e+00 0.000000000000000e+00
yras   = 0.000000000000000e+00 0.000000000000000e+00 -1.000000000000000e+00
zras   = 0.000000000000000e+00 1.000000000000000e+00 0.000000000000000e+00
cras   = -8.000030517578125e-01 -1.719999694824219e+01 1.880000305175781e+01
