# transform file transforms/talairach.lta
# created by nielsond on Wed Oct  4 11:25:52 2023

type      = 0 # LINEAR_VOX_TO_VOX
nxforms   = 1
mean      = 126.0000 145.0000 129.0000
sigma     = 10000.0000
1 4 4
1.033560514450073e+00 1.017123227939010e-03 -2.653041109442711e-02 -2.592093944549561e+00 
-6.608784664422274e-03 1.148405432701111e+00 2.230151742696762e-02 -4.395268630981445e+01 
2.834409847855568e-02 -3.071742132306099e-02 1.016484737396240e+00 -1.956201171875000e+01 
0.000000000000000e+00 0.000000000000000e+00 0.000000000000000e+00 1.000000000000000e+00 
src volume info
valid = 1  # volume info valid
filename = nu.mgz
volume = 256 256 256
voxelsize = 1.000000000000000e+00 1.000000000000000e+00 1.000000000000000e+00
xras   = -1.000000000000000e+00 0.000000000000000e+00 0.000000000000000e+00
yras   = 0.000000000000000e+00 0.000000000000000e+00 -1.000000000000000e+00
zras   = 0.000000000000000e+00 1.000000000000000e+00 0.000000000000000e+00
cras   = -8.000030517578125e-01 -1.719999694824219e+01 1.880000305175781e+01
dst volume info
valid = 1  # volume info valid
filename = /usr/local/apps/freesurfer/6.0.0/average/RB_all_2016-05-10.vc700.gca
volume = 256 256 256
voxelsize = 1.000000000000000e+00 1.000000000000000e+00 1.000000000000000e+00
xras   = -1.000000000000000e+00 0.000000000000000e+00 0.000000000000000e+00
yras   = 0.000000000000000e+00 0.000000000000000e+00 -1.000000000000000e+00
zras   = 0.000000000000000e+00 1.000000000000000e+00 0.000000000000000e+00
cras   = 0.000000000000000e+00 0.000000000000000e+00 0.000000000000000e+00
