# transform file transforms/talairach_with_externmask.lta
# created by nielsond on Wed Oct  4 11:16:43 2023

type      = 0 # LINEAR_VOX_TO_VOX
nxforms   = 1
mean      = 126.0000 144.0000 130.0000
sigma     = 10000.0000
1 4 4
1.056837558746338e+00 -1.067383773624897e-02 -9.479984641075134e-03 -5.768694877624512e+00 
7.473927456885576e-03 1.128612399101257e+00 1.671091304160655e-03 -4.053898620605469e+01 
7.405206095427275e-03 3.565552178770304e-03 1.020283341407776e+00 -2.266094017028809e+01 
0.000000000000000e+00 0.000000000000000e+00 0.000000000000000e+00 1.000000000000000e+00 
src volume info
valid = 1  # volume info valid
filename = nu.mgz
volume = 256 256 256
voxelsize = 1.000000000000000e+00 1.000000000000000e+00 1.000000000000000e+00
xras   = -1.000000000000000e+00 0.000000000000000e+00 0.000000000000000e+00
yras   = 0.000000000000000e+00 0.000000000000000e+00 -1.000000000000000e+00
zras   = 0.000000000000000e+00 1.000000000000000e+00 0.000000000000000e+00
cras   = -8.000030517578125e-01 -1.719999694824219e+01 1.880000305175781e+01
dst volume info
valid = 1  # volume info valid
filename = /usr/local/apps/freesurfer/6.0.0/average/RB_all_2016-05-10.vc700.gca
volume = 256 256 256
voxelsize = 1.000000000000000e+00 1.000000000000000e+00 1.000000000000000e+00
xras   = -1.000000000000000e+00 0.000000000000000e+00 0.000000000000000e+00
yras   = 0.000000000000000e+00 0.000000000000000e+00 -1.000000000000000e+00
zras   = 0.000000000000000e+00 1.000000000000000e+00 0.000000000000000e+00
cras   = 0.000000000000000e+00 0.000000000000000e+00 0.000000000000000e+00
