type      = 0 # LINEAR_VOX_TO_VOX
nxforms   = 1
mean      = 0.0000 0.0000 0.0000
sigma     = 1.0000
1 4 4
9.999994039535522e-01 -1.772074901964515e-04 -1.025529112666845e-03 1.297912597656250e-01 
1.761628518579528e-04 9.999995827674866e-01 -1.018572016619146e-03 3.275909423828125e-01 
1.025708857923746e-03 1.018390757963061e-03 9.999989867210388e-01 -2.682800292968750e-01 
0.000000000000000e+00 0.000000000000000e+00 0.000000000000000e+00 1.000000000000000e+00 
src volume info
valid = 1  # volume info valid
filename = orig/T2raw.mgz
volume = 227 272 227
voxelsize = 8.000000119209290e-01 8.000000119209290e-01 8.000000119209290e-01
xras   = -1.000000000000000e+00 0.000000000000000e+00 0.000000000000000e+00
yras   = 0.000000000000000e+00 1.000000000000000e+00 0.000000000000000e+00
zras   = 0.000000000000000e+00 0.000000000000000e+00 1.000000000000000e+00
cras   = -8.000030517578125e-01 -1.719999694824219e+01 1.880000305175781e+01
dst volume info
valid = 1  # volume info valid
filename = /lscratch/9670748/studyfolder/sub-24563/T1w/sub-24563/mri/rawavg.mgz
volume = 227 272 227
voxelsize = 8.000000119209290e-01 8.000000119209290e-01 8.000000119209290e-01
xras   = -1.000000000000000e+00 0.000000000000000e+00 0.000000000000000e+00
yras   = 0.000000000000000e+00 1.000000000000000e+00 0.000000000000000e+00
zras   = 0.000000000000000e+00 0.000000000000000e+00 1.000000000000000e+00
cras   = -8.000030517578125e-01 -1.719999694824219e+01 1.880000305175781e+01
subject sub-24563
fscale 0.100000
