# transform file /lscratch/8536404/24563.wrk/fmriprep_23_2_wf/single_subject_24563_wf/anat_preproc_wf/t2w_template_wf/anat_merge/tp1.lta
# created by zugmana2 on Wed Sep 20 18:37:48 2023

type      = 1 # LINEAR_RAS_TO_RAS
nxforms   = 1
mean      = 123.0000 265.0000 232.0000
sigma     = 10000.0000
1 4 4
1.000000000000000e+00 0.000000000000000e+00 0.000000000000000e+00 0.000000000000000e+00 
0.000000000000000e+00 1.000000000000000e+00 0.000000000000000e+00 0.000000000000000e+00 
0.000000000000000e+00 0.000000000000000e+00 1.000000000000000e+00 7.629394531250000e-06 
0.000000000000000e+00 0.000000000000000e+00 0.000000000000000e+00 1.000000000000000e+00 
src volume info
valid = 1  # volume info valid
filename = /lscratch/8536404/24563.wrk/fmriprep_23_2_wf/single_subject_24563_wf/anat_preproc_wf/t2w_template_wf/n4_correct/mapflow/_n4_correct0/sub-24563_ses-2_rec-norm_run-1_T2w_noise_corrected_corrected.nii.gz
volume = 246 512 512
voxelsize = 8.000000119209290e-01 5.000000000000000e-01 5.000000000000000e-01
xras   = 1.000000000000000e+00 0.000000000000000e+00 0.000000000000000e+00
yras   = 0.000000000000000e+00 1.000000000000000e+00 0.000000000000000e+00
zras   = -0.000000000000000e+00 -0.000000000000000e+00 1.000000000000000e+00
cras   = 1.454528808593750e+00 9.701995849609375e+00 2.500000000000000e-01
dst volume info
valid = 1  # volume info valid
filename = sub-24563_ses-2_rec-norm_run-1_T2w_noise_corrected_template.nii.gz
volume = 246 512 512
voxelsize = 8.000000119209290e-01 5.000000000000000e-01 5.000000000000000e-01
xras   = 1.000000000000000e+00 0.000000000000000e+00 0.000000000000000e+00
yras   = 0.000000000000000e+00 1.000000000000000e+00 0.000000000000000e+00
zras   = -0.000000000000000e+00 -0.000000000000000e+00 1.000000000000000e+00
cras   = 1.454528808593750e+00 9.701995849609375e+00 2.500000000000000e-01
