# transform file /lscratch/8536404/24563.wrk/fmriprep_23_2_wf/single_subject_24563_wf/anat_preproc_wf/t2w_template_wf/anat_merge/tp2.lta
# created by zugmana2 on Wed Sep 20 18:37:48 2023

type      = 1 # LINEAR_RAS_TO_RAS
nxforms   = 1
mean      = 123.0000 264.0000 240.0000
sigma     = 10000.0000
1 4 4
1.000000000000000e+00 -2.843203583324794e-05 1.160671454272233e-04 -2.395629882812500e-03 
2.842337926267646e-05 1.000000000000000e+00 7.460101187461987e-05 3.122711181640625e-02 
-1.160692772828043e-04 -7.459771586582065e-05 1.000000000000000e+00 -5.480194091796875e-02 
0.000000000000000e+00 0.000000000000000e+00 0.000000000000000e+00 1.000000000000000e+00 
src volume info
valid = 1  # volume info valid
filename = /lscratch/8536404/24563.wrk/fmriprep_23_2_wf/single_subject_24563_wf/anat_preproc_wf/t2w_template_wf/n4_correct/mapflow/_n4_correct1/sub-24563_ses-2_rec-orig_run-1_T2w_noise_corrected_corrected.nii.gz
volume = 246 512 512
voxelsize = 8.000000119209290e-01 5.000000000000000e-01 5.000000000000000e-01
xras   = 1.000000000000000e+00 0.000000000000000e+00 0.000000000000000e+00
yras   = 0.000000000000000e+00 1.000000000000000e+00 0.000000000000000e+00
zras   = -0.000000000000000e+00 -0.000000000000000e+00 1.000000000000000e+00
cras   = 1.454528808593750e+00 9.701995849609375e+00 2.500000000000000e-01
dst volume info
valid = 1  # volume info valid
filename = sub-24563_ses-2_rec-norm_run-1_T2w_noise_corrected_template.nii.gz
volume = 246 512 512
voxelsize = 8.000000119209290e-01 5.000000000000000e-01 5.000000000000000e-01
xras   = 1.000000000000000e+00 0.000000000000000e+00 0.000000000000000e+00
yras   = 0.000000000000000e+00 1.000000000000000e+00 0.000000000000000e+00
zras   = -0.000000000000000e+00 -0.000000000000000e+00 1.000000000000000e+00
cras   = 1.454528808593750e+00 9.701995849609375e+00 2.500000000000000e-01
