# transform file /lscratch/8536404/24563.wrk/fmriprep_23_2_wf/single_subject_24563_wf/anat_preproc_wf/surface_recon_wf/fsnative2t1w_xfm/T1_robustreg.lta
# created by zugmana2 on Wed Sep 20 15:41:45 2023

type      = 1 # LINEAR_RAS_TO_RAS
nxforms   = 1
mean      = 160.0000 179.0000 147.0000
sigma     = 10000.0000
1 4 4
9.999998807907104e-01 -2.392363530816510e-04 1.616428198758513e-04 8.781433105468750e-03 
2.392753085587174e-04 9.999999403953552e-01 -2.409976877970621e-04 1.420593261718750e-02 
-1.615851506358013e-04 2.410363376839086e-04 9.999999403953552e-01 -6.103515625000000e-04 
0.000000000000000e+00 0.000000000000000e+00 0.000000000000000e+00 1.000000000000000e+00 
src volume info
valid = 1  # volume info valid
filename = /lscratch/8536404/24563.out/sourcedata/freesurfer/sub-24563/mri/T1.mgz
volume = 320 320 320
voxelsize = 7.999954223632812e-01 7.999954223632812e-01 7.999954223632812e-01
xras   = -1.000000000000000e+00 0.000000000000000e+00 0.000000000000000e+00
yras   = 0.000000000000000e+00 0.000000000000000e+00 -1.000000000000000e+00
zras   = 0.000000000000000e+00 1.000000000000000e+00 0.000000000000000e+00
cras   = 4.005737304687500e-01 1.881700134277344e+01 -6.457000732421875e+00
dst volume info
valid = 1  # volume info valid
filename = /lscratch/8536404/24563.wrk/fmriprep_23_2_wf/single_subject_24563_wf/anat_preproc_wf/anat_template_wf/anat_merge/sub-24563_ses-1_rec-orig_run-1_T1w_noise_corrected_template.nii.gz
volume = 250 320 320
voxelsize = 7.999954223632812e-01 8.000000119209290e-01 8.000000119209290e-01
xras   = 1.000000000000000e+00 0.000000000000000e+00 0.000000000000000e+00
yras   = 0.000000000000000e+00 1.000000000000000e+00 0.000000000000000e+00
zras   = -0.000000000000000e+00 -0.000000000000000e+00 1.000000000000000e+00
cras   = 4.005737304687500e-01 1.881700134277344e+01 -6.457000732421875e+00
