type      = 1 # LINEAR_RAS_TO_RAS
nxforms   = 1
mean      = 0.0000 0.0000 0.0000
sigma     = 10000.0000
1 4 4
1.000000000000000e+00 0.000000000000000e+00 0.000000000000000e+00 0.000000000000000e+00 
0.000000000000000e+00 1.000000000000000e+00 0.000000000000000e+00 0.000000000000000e+00 
0.000000000000000e+00 0.000000000000000e+00 1.000000000000000e+00 0.000000000000000e+00 
0.000000000000000e+00 0.000000000000000e+00 0.000000000000000e+00 1.000000000000000e+00 
src volume info
valid = 1  # volume info valid
filename = /data/EDB/TMSpilot/BIDS/sub-24563/ses-2/anat/sub-24563_ses-2_rec-norm_run-1_T2w.nii.gz
volume = 246 512 512
voxelsize = 8.000000119209290e-01 5.000000000000000e-01 5.000000000000000e-01
xras   = 1.000000000000000e+00 0.000000000000000e+00 0.000000000000000e+00
yras   = 0.000000000000000e+00 1.000000000000000e+00 0.000000000000000e+00
zras   = 0.000000000000000e+00 0.000000000000000e+00 1.000000000000000e+00
cras   = 1.454528808593750e+00 9.701995849609375e+00 2.500000000000000e-01
dst volume info
valid = 1  # volume info valid
filename = /lscratch/8536404/24563.wrk/fmriprep_23_2_wf/single_subject_24563_wf/anat_preproc_wf/t2w_template_wf/denoise/mapflow/_denoise0/sub-24563_ses-2_rec-norm_run-1_T2w_noise_corrected.nii.gz
volume = 246 512 512
voxelsize = 8.000000119209290e-01 5.000000000000000e-01 5.000000000000000e-01
xras   = 1.000000000000000e+00 0.000000000000000e+00 0.000000000000000e+00
yras   = 0.000000000000000e+00 1.000000000000000e+00 0.000000000000000e+00
zras   = -0.000000000000000e+00 -0.000000000000000e+00 1.000000000000000e+00
cras   = 1.454528808593750e+00 9.701995849609375e+00 2.500000000000000e-01
fscale 0.100000
