type      = 1 # LINEAR_RAS_TO_RAS
nxforms   = 1
mean      = 0.0000 0.0000 0.0000
sigma     = 10000.0000
1 4 4
1.000000000000000e+00 0.000000000000000e+00 0.000000000000000e+00 0.000000000000000e+00 
0.000000000000000e+00 1.000000000000000e+00 0.000000000000000e+00 0.000000000000000e+00 
0.000000000000000e+00 0.000000000000000e+00 1.000000000000000e+00 0.000000000000000e+00 
0.000000000000000e+00 0.000000000000000e+00 0.000000000000000e+00 1.000000000000000e+00 
src volume info
valid = 1  # volume info valid
filename = /data/EDB/TMSpilot/BIDS/sub-24563/ses-1/anat/sub-24563_ses-1_rec-orig_run-1_T1w.nii.gz
volume = 250 320 320
voxelsize = 7.999954223632812e-01 8.000000119209290e-01 8.000000119209290e-01
xras   = 1.000000000000000e+00 -0.000000000000000e+00 0.000000000000000e+00
yras   = -0.000000000000000e+00 1.000000000000000e+00 0.000000000000000e+00
zras   = -0.000000000000000e+00 -0.000000000000000e+00 1.000000000000000e+00
cras   = 4.005737304687500e-01 1.881700134277344e+01 -6.457000732421875e+00
dst volume info
valid = 1  # volume info valid
filename = /lscratch/8536404/24563.wrk/fmriprep_23_2_wf/single_subject_24563_wf/anat_preproc_wf/anat_template_wf/denoise/mapflow/_denoise0/sub-24563_ses-1_rec-orig_run-1_T1w_noise_corrected.nii.gz
volume = 250 320 320
voxelsize = 7.999954223632812e-01 8.000000119209290e-01 8.000000119209290e-01
xras   = 1.000000000000000e+00 0.000000000000000e+00 0.000000000000000e+00
yras   = 0.000000000000000e+00 1.000000000000000e+00 0.000000000000000e+00
zras   = -0.000000000000000e+00 -0.000000000000000e+00 1.000000000000000e+00
cras   = 4.005737304687500e-01 1.881700134277344e+01 -6.457000732421875e+00
fscale 0.100000
